-310            60 
-157.3          60 
-156.622        60.007 
-156.5782       60.0076 
-156.56985      60.00785 
-156.5608       60.0081 
-156.556075     60.00827 
-156.55314      60.00836 
-156.55124      60.00842 
-156.5299       60.0091 
-156.5203       60.0094 
-156.374        60.014 
-156.236        60.018 
-155.51         60.055 
-155.258        60.072 
-154.24         60.16 
-153.14         60.3 
-152.18         60.46 
-151            60.7 
-149.74         61.02 
-148.58         61.36 
-147.38         61.78 
-146.85         61.98 
-146.575        62.09 
-146.05         62.31 
-145.53         62.54 
-144.48         63.04 
-143.72         63.44 
-142.7          64.02 
-141.92         64.5 
-140.48         65.49 
-140.085        65.785 
-138.35         67.21 
-137.67         67.84 
-137.438        68.06 
-137.325        68.172 
-137.196        68.3 
-136.19         69.355 
-135.692        69.92 
-135.485        70.165 
-135.305        70.38 
-134.15         71.885 
-133.35         73.05 
-132.9          73.8 
-132.3          74.8 
-131.6          76.2 
-130.8          78 
-130.2          79.75 
-129.64         81.72 
-129.1          84.5 
-128.99         85.42 
-128.89         86.58 
-128.85         87.35 
-128.84         87.72 
-128.83         88.52 
-128.83         88.78 
-128.84         89.3 
-128.854        89.648 
-128.862        89.808 
-128.886        90.242 
-128.905        90.525 
-128.964        91.21 
-128.974        91.316 
-129            91.57 
-129.02         91.745 
-129.046        91.966 
-129.074        92.172 
-129.11         92.45 
-129.19         92.965 
-129.252        93.338 
-129.263        93.501 
-129.64         95.17 
-129.86         96.05 
-129.992        96.502 
-130.086        96.816 
-130.635        98.425 
-131.27         99.98 
-131.8          101.12 
-132.015        101.54 
-132.15         101.79 
-132.56         102.54 
-133.72         104.68 
-134.125        105.505 
-134.88         107.195 
-135.315        108.27 
-136.055        110.36 
-137.486        116.292 
-137.498        116.366 
-137.588        116.954 
-137.818        118.872 
-137.968        121.098 
-137.995        122.112 
-138            122.7 
-138            348.57 
-138.01         348.87 
-138.04         349.175 
-138.085        349.45 
-138.165        349.815 
-138.24         350.07 
-138.306        350.264 
-138.343        350.362 
-138.392        350.482 
-138.5          350.725 
-138.763        351.20 
-138.92         351.44 
-139.235        351.835 
-139.375        351.99 
-139.76         352.36 
-140.3          352.76 
-140.64         352.96 
-141.18         353.21 
-141.61         353.35 
-142.1          353.465 
-142.31         353.5 
-142.76         353.54 
-142.91         353.545 
-198            353.545 
-198            429.28 
-188            429.278 
-188            384.275 
-187.998        384.158 
-187.996        384.09 
-187.99         383.98 
-187.98         383.84 
-187.96         383.64 
-187.93         383.44 
-187.89         383.23 
-187.86         383.105 
-187.812        382.918 
-187.7          382.56 
-187.54         382.18 
-187.34         381.78 
-187.12         381.44 
-186.94         381.2 
-186.55         380.75 
-186.1          380.35 
-185.45         379.9 
-184.65         379.55 
-184.12         379.4 
-183.7          379.32 
-183.4          379.29 
-183.04         379.28 
-182.782        379.274 
-143            379.28 
-142.5          379.3 
-141.88         379.4 
-141.28         379.58 
-140.7          379.84 
-140.08         380.22 
-139.62         380.6 
-139.36         380.84 
-138.86         381.48 
-138.56         381.98 
-138.24         382.74 
-138.13         383.15 
-138.05         383.57 
-138.01         384 
-138            384.29 
-138            441.5 
-137.98         443.56 
-137.96         444.12 
-137.8          447.6 
-137.2          454.2 
-136.6          458.2 
-135.5          463.5 
-134            469.5 
-131.5          477 
-128.5          484 
-123            494 
-116            504 
-108            513 
-100            520 
-88             528 
-74             534.8 
-60             539 
-48.5           540.9 
-38             541.45 
0               541.45 
0               0 
-310            0 
-310            60 
  
